6 5 9 2 3 9 6 10 2 3 3 9 2 3 11 3 7 8 3 9 6 10 2 1 32 2 3 9 3 11 2 3 7 8 5 9 2 4 9 5 9 4 2 9 6 10 1 3 3 9 22 11 3 7 8 
3 9 6 10 32 2 3 9 3 11 3 7 8 3 5 9 2 1 3 7 8 3 2 5 9 2 11 3 9 4 10 2 3 32 9 3 11 2 3 7 8 3 5 9 11 3 9 4 10 3 32 9 3 11 2 
12 5 2 11 3 7 8 9 11 26 91 6 10 2 3 2 9 4 9 5 9 2 4 2 3 9 6 10 1 3 3 12 5 3 11 3 7 8 9 11 26 91 6 10 3 2 3 9 3 9 22 11 3 7 8 
3 5 7 2 3 9 3 2 7 2 2 3 9 6 10 5 3 3 9 2 3 11 2 3 7 8 6 10 5 3 3 2 5 7 2 3 9 6 10 5 3 3 9 3 11 3 7 8 3 9 3 11 3 7 8 
9 12 5 3 11 3 7 8 9 11 26 91 6 10 2 3 3 9 3 12 2 3 9 3 12 5 2 3 11 3 7 8 9 11 26 91 6 10 2 3 3 9 6 19 5 3 3 9 3 11 3 5 9 7 8 
3 5 7 2 3 9 3 2 5 7 2 3 9 6 10 5 3 3 9 2 3 11 2 3 7 8 6 10 5 3 3 2 5 7 2 3 9 6 10 5 3 3 9 3 11 3 7 8 3 9 3 11 3 7 8 
2 3 9 6 10 13 8 3 9 3 11 3 4 81 3 5 9 2 3 7 8 3 2 5 9 2 11 3 9 4 10 2 3 32 9 3 11 2 3 7 8 3 9 2 11 3 9 4 10 3 32 9 3 11 2 
5 7 21 2 3 3 2 5 7 2 3 9 6 10 5 3 2 3 9 3 11 2 3 7 8 9 6 10 1 3 2 3 9 3 11 3 7 8 3 5 7 2 3 9 6 10 5 3 3 9 3 11 3 7 8 
2 3 9 6 10 13 8 3 9 3 11 3 4 81 3 5 9 2 1 7 8 3 2 5 9 2 11 3 9 4 10 2 3 32 9 3 11 2 3 7 8 5 9 2 11 3 9 4 10 3 32 9 3 11 2 
3 7 8 3 5 9 11 2 9 4 10 3 2 32 9 3 11 9 3 12 3 9 6 19 2 5 3 3 9 2 3 11 3 5 9 7 8 2 3 5 7 2 3 9 6 10 5 3 3 9 3 11 3 7 8 
5 7 21 2 2 3 2 5 7 1 3 9 6 10 5 3 2 3 9 2 11 2 3 7 8 9 6 10 1 3 2 3 9 3 11 3 7 8 3 2 7 2 3 9 6 10 5 3 3 9 3 11 3 7 8 
12 5 2 3 11 7 8 9 11 26 91 3 2 5 7 1 2 3 9 6 10 5 3 2 3 9 2 11 2 3 7 8 6 10 3 2 3 2 5 7 3 9 6 10 2 5 3 3 9 3 11 7 8 3 9 
3 7 8 3 5 9 11 3 9 4 10 3 2 32 9 3 11 9 3 12 3 9 6 19 2 5 3 3 9 2 3 11 3 5 9 7 8 2 3 5 7 2 3 9 6 10 5 3 3 9 3 11 3 7 8 
24 9 4 3 11 2 5 9 12 2 9 6 10 72 3 2 7 8 9 3 12 3 9 6 19 2 5 3 3 9 2 3 11 5 2 9 7 8 3 5 7 2 3 9 6 10 5 3 3 9 3 11 3 7 8 
3 5 7 2 3 9 3 5 7 2 2 3 9 6 10 5 3 2 3 9 3 11 2 3 7 8 6 10 5 3 3 2 5 7 2 3 9 6 10 5 3 3 9 3 11 3 7 8 3 9 3 11 3 7 8 
2 3 9 6 10 13 8 9 2 3 11 3 4 81 3 5 9 2 1 7 8 3 2 5 9 2 11 3 9 4 10 2 3 32 9 3 11 2 3 7 8 3 5 9 11 3 9 4 10 3 32 9 3 11 2 
3 7 8 3 5 9 11 3 9 4 10 3 2 32 9 3 11 9 3 12 3 9 6 19 2 5 3 3 9 2 3 11 3 5 9 7 8 2 3 5 7 2 2 9 6 10 5 3 3 9 3 11 3 7 8 
24 9 4 3 11 2 5 9 12 2 9 6 10 72 3 2 7 8 9 12 2 3 9 6 19 2 5 3 3 9 2 3 11 5 2 9 7 8 3 5 7 2 3 9 6 10 5 3 3 9 3 11 3 7 8 
3 5 7 2 3 9 3 5 7 2 2 3 9 6 10 5 3 2 9 2 3 11 2 3 7 8 6 10 5 3 3 2 5 7 2 3 9 6 10 5 3 9 2 3 11 3 7 8 3 9 3 11 3 7 8 
2 3 9 6 10 13 8 9 2 3 11 3 4 81 3 5 9 2 3 7 8 3 2 5 9 2 11 3 9 4 10 2 3 32 9 3 11 2 3 7 8 5 9 2 11 3 9 4 10 3 32 9 3 11 2 
3 5 7 2 3 9 3 5 7 2 2 3 9 6 10 5 3 3 9 2 3 11 2 3 7 8 6 10 5 3 3 2 5 7 2 3 9 6 10 5 3 9 2 3 11 3 7 8 3 9 3 11 3 7 8 
12 5 2 11 3 7 8 9 11 26 91 3 2 5 7 2 3 9 6 10 2 5 3 2 3 9 2 3 11 3 7 8 6 10 3 2 3 2 5 7 3 9 6 10 5 3 2 3 9 3 11 7 8 3 9 
3 5 7 2 3 9 3 5 7 2 2 3 9 6 10 5 3 3 9 2 3 11 2 3 7 8 6 10 5 3 3 2 5 7 2 3 9 6 10 5 3 9 2 3 11 3 7 8 3 9 3 11 3 7 8 
2 3 9 6 10 13 8 9 2 3 11 3 4 81 3 5 9 2 3 7 8 3 2 5 9 2 11 3 9 4 10 2 3 32 9 3 11 2 3 7 8 5 9 2 11 3 9 4 10 3 32 9 3 11 2 
3 7 8 3 5 9 11 2 9 4 10 3 2 32 9 3 11 9 12 2 3 9 6 19 2 5 3 3 9 2 3 11 3 5 9 7 8 2 3 5 7 2 3 9 6 10 5 3 3 9 3 11 3 7 8 
5 7 21 2 2 3 3 5 7 1 3 9 6 10 5 3 2 3 9 3 11 2 3 7 8 9 6 10 1 3 2 3 9 3 11 3 7 8 3 5 7 2 3 9 6 10 5 3 3 9 3 11 3 7 8 
3 7 8 3 5 9 11 2 3 9 10 3 2 32 9 3 11 9 12 2 3 9 6 19 2 5 3 3 9 2 3 11 3 5 9 7 8 2 3 5 7 2 3 9 6 10 5 3 3 9 3 11 3 7 8 
3 5 7 2 2 9 3 2 5 7 2 3 9 6 10 5 3 3 9 2 3 11 2 3 7 8 6 10 5 3 3 2 5 7 2 3 9 6 10 5 3 3 9 3 11 3 7 8 3 9 3 11 3 7 8 
2 3 9 6 10 13 8 3 9 3 11 3 4 81 3 5 9 2 3 7 8 3 2 5 9 2 11 3 9 4 10 2 3 32 9 3 11 2 3 7 8 3 5 9 11 3 9 4 10 3 32 9 3 11 2 
9 12 5 2 11 3 7 8 9 11 26 91 6 10 2 3 2 3 9 12 2 3 9 3 12 5 3 11 2 3 7 8 9 11 26 91 6 10 2 3 2 9 6 19 5 3 3 9 3 11 3 5 9 7 8 
3 7 8 3 5 9 11 2 9 4 10 3 2 32 9 3 11 9 3 12 3 9 6 19 2 5 3 3 9 2 3 11 3 5 9 7 8 2 3 5 7 2 2 9 6 10 5 3 3 9 3 11 3 7 8 
3 7 8 3 5 9 11 2 9 4 10 3 2 32 9 3 11 9 3 12 3 9 6 19 2 5 3 3 9 2 3 11 3 5 9 7 8 2 3 5 7 2 3 9 6 10 5 3 3 9 3 11 3 7 8 
5 7 21 2 2 3 2 5 7 1 3 9 6 10 5 3 2 3 9 2 11 2 3 7 8 9 6 10 1 3 2 3 9 3 11 3 7 8 3 5 7 2 3 9 6 10 5 3 3 9 3 11 3 7 8 
12 5 2 3 11 7 8 9 11 26 91 3 2 5 7 1 2 3 9 6 10 5 3 2 3 9 2 3 11 3 7 8 6 10 3 2 3 2 5 7 3 9 6 10 2 5 3 3 9 3 11 7 8 3 9 
3 7 8 3 5 9 11 3 9 4 10 3 2 32 9 3 11 9 3 12 3 9 6 19 2 5 3 2 3 9 3 11 3 5 9 7 8 2 3 5 7 2 3 9 6 10 5 3 3 9 3 11 3 7 8 
3 7 8 3 5 9 11 3 9 4 10 3 2 32 9 3 11 9 3 12 3 9 6 19 2 5 3 2 3 9 3 11 3 5 9 7 8 2 3 5 7 2 3 9 6 10 5 3 3 9 3 11 3 7 8 
3 7 8 3 5 9 11 2 9 4 10 3 2 32 9 3 11 9 3 12 3 9 6 19 2 5 3 2 3 9 3 11 3 5 9 7 8 2 3 5 7 2 3 9 6 10 5 3 3 9 3 11 3 7 8 
5 7 21 2 2 3 2 5 7 1 3 9 6 10 5 3 2 3 9 2 11 2 3 7 8 9 6 10 2 3 2 3 9 3 11 3 7 8 3 5 7 2 3 9 6 10 5 3 3 9 3 11 3 7 8 
12 5 2 3 11 7 8 9 11 26 91 3 2 5 7 1 2 3 9 6 10 5 3 2 3 9 2 3 11 3 7 8 6 10 3 2 3 2 5 7 3 9 6 10 2 5 3 3 9 3 11 7 8 3 9 
3 7 8 3 5 9 11 3 9 4 10 3 2 32 9 3 11 9 3 12 3 9 6 19 2 5 3 2 3 9 3 11 3 5 9 7 8 2 3 5 7 2 3 9 6 10 5 3 3 9 3 11 3 7 8 
